"action_plan_id"	"inventory_year"	"emissions"
9	2030	1503854.96352067
11	2030	0
17	2030	495414.312690691
66	2030	397.795978160037
97	2030	216639.411917333
132	2030	11608688.807982
150	2030	1401100.39713745
159	2030	120113.350874999
161	2030	431233.0371
168	2030	2746009.75977933
169	2030	0
175	2030	257750.86184755
214	2030	0
245	2030	19829.1195719999
253	2030	1815477.37391086
258	2030	0
270	2030	732543.1386
326	2030	24182.46992
374	2030	0
419	2030	35480.0503202404
449	2030	38139.4446622222
468	2030	0
473	2030	38785.28245
523	2030	625719.908925412
567	2030	0
658	2030	2042150.02949095
732	2030	8289.27497641667
744	2030	0
762	2030	1078294.43882353
789	2030	623066.624914583
790	2030	700029.243388572
793	2030	822955.32498907
808	2030	143232.806662853
810	2030	3729771.78365283
813	2030	32929.1338786944
854	2030	350061.253585864
856	2030	699877.361111111
867	2030	141004.768132761
868	2030	1338221.55063967
885	2030	1855637.32039918
898	2030	2423313.8708
902	2030	55042.4486705831
907	2030	22347.843
910	2030	842289.11513567
913	2030	1127685.0164
919	2030	808932.144864029
1061	2030	160317.35249644
1067	2030	115601.627355369
1072	2030	0
1172	2030	1972899.87120551
1173	2030	6544374.23626448
1195	2030	29113.9907687567
1196	2030	1545603.7011986
1202	2030	22400.3465095924
1203	2030	3360256.15514286
1208	2030	4984899.6708164
1210	2030	3425519.99813308
1236	2030	495059.535306743
1263	2030	76600.8448142858
1270	2030	43528.8942999996
1277	2030	10747.8896900003
1282	2030	182465.063553333
1302	2030	6571.98357142857
1311	2030	218231.090674366
1315	2030	17382.4783999999
1327	2030	195745.519774988
1336	2030	1530531.55616667
1363	2030	0
1390	2030	2145911.42852313
1403	2030	557403.186916748
1406	2030	478890.978428571
1434	2030	30030.4829999999
1499	2030	182021.311
1502	2030	0
1522	2030	61830.69125
1539	2030	28721.2958363636
1659	2030	166514.51646
1692	2030	14544.404
1717	2030	14223.0261614677
1739	2030	16476.5535012866
1748	2030	65026.7361428572
1797	2030	10542.5005555556
1799	2030	0
1813	2030	2762.22145204266
1899	2030	16767.3597714286
1935	2030	1914974.77525447
2004	2030	15440.2055
2028	2030	191855.046396875
2068	2030	2347895.00386178
2099	2030	32458.3033252077
2107	2030	1579887.182425
2116	2030	53349.4674285714
2183	2030	15834.2138276338
2226	2030	101953.953
2228	2030	190617.223676786
2267	2030	541364.651118785
2272	2030	24788.4373224999
2280	2030	103712.940549
2282	2030	143120.044667657
2284	2030	21184.5079602752
2289	2030	13809.3303333333
2298	2030	86370.803138
2299	2030	9267.32512615
2311	2030	0
2321	2030	35135.187675
2323	2030	64477.6449175002
2328	2030	38721.2717433334
2331	2030	44484.2291333333
2335	2030	9269.9886
2346	2030	21856.90945
2347	2030	127245.418783333
2349	2030	109167.555954833
2353	2030	26737.65995
2354	2030	7415.54850975
2355	2030	11760.034275
2356	2030	23491.4876342857
2360	2030	3015.58112999999
2363	2030	8914.43836791595
2368	2030	498179.8436
2450	2030	7198.74735489166
2568	2030	119576.654349721
2578	2030	64607.6518496951
2581	2030	32925.4684678101
2607	2030	58688.9706
2609	2030	101320.302666667
2615	2030	22873.2703371429
2643	2030	506806.985
2662	2030	21967.53184
2676	2030	104452.820258333
2708	2030	274981.77012
2747	2030	194345.64441
2753	2030	52848.5320339039
2783	2030	128168.983162857
2792	2030	460943.777300288
2796	2030	2530.16026666667
2806	2030	956285.04067034
2844	2030	228473.39
2894	2030	36199.862282591
2937	2030	0
2981	2030	26002.7512371429
3107	2030	75409.097
3115	2030	553723.230287257
3116	2030	888859.478823136
3131	2030	401362.092235
3132	2030	78952.8852177557
3135	2030	60870.8008333333
3144	2030	183021.051387357
3149	2030	10490.8592795789
3150	2030	311375.487090909
3209	2030	59523.3360352889
3215	2030	91938.3732776696
3218	2030	21878.97
3265	2030	386019.75
3352	2030	77654.8645830283
3452	2030	29999.7849090909
3454	2030	69645.378
3455	2030	57879.7335515789
3456	2030	71155.2603125
3457	2030	6862.33594343737
3462	2030	62875.9808769649
3465	2030	14548.7536544445
3468	2030	55861.5599375
3469	2030	195356.604111024
3470	2030	63953.2604184737
3471	2030	15677.7127741836
3476	2030	135381.738315735
3503	2030	60111.5489375
3512	2030	51970.1218829334
3513	2030	34442.423530325
3514	2030	41512.3021055833
3515	2030	115122.283136403
3516	2030	116899.356097239
3517	2030	72109.9792586
3518	2030	34585.5289196802
3519	2030	63349.9670213002
3520	2030	0
3522	2030	49350.7086638166
3523	2030	43972.4097855466
3526	2030	56343.0958358157
3527	2030	46166.9734613775
3528	2030	27431.7221045235
3529	2030	21952.6895399667
3531	2030	159301.327901278
3534	2030	123227.345640653
3535	2030	25130.6277009333
3540	2030	339579.212328148
3548	2030	41426.8878501945
3549	2030	66919.2232618182
3573	2030	133923.5057896
3586	2030	18463.6077256328
3587	2030	76713.0579463159
3588	2030	84032.797591202
3599	2030	23800.9695960156
3602	2030	67589.8563623198
3603	2030	66661.9463566666
3604	2030	246024.7646325
3606	2030	131747.016758959
3608	2030	17565.0749632533
3609	2030	143630.89952813
3610	2030	0
3857	2030	57546.68640285
3864	2030	142589.234
3918	2030	0
3925	2030	1161467.6660168
4050	2030	159982.259776667
4057	2030	19390.384515
4070	2030	32874.8530000005
4109	2030	58958.8880891667
4134	2030	57115.3120608751
4179	2030	0
4253	2030	127402.901886539
4286	2030	580923.804782002
4362	2030	9562.6420785
4387	2030	43645.568
4390	2030	51566.4147362494
4406	2030	118548.540633688
4407	2030	0
4435	2030	4839.067445
4444	2030	22415.9343884615
4464	2030	723133.143403334
4475	2030	4179.97082663776
4543	2030	4898.38738333333
4572	2030	347.986392222222
4585	2030	0
4618	2030	554.913098470963
4620	2030	592111.096610238
4653	2030	5273.96663
4746	2030	121492.053425324
4778	2030	4489.45710777778
4790	2030	270413.288142857
4797	2030	0
4808	2030	380.444584285714
4876	2030	84777.7475466669
4909	2030	0
4910	2030	1006772.10604999
4949	2030	90343.6506116666
5018	2030	0
5124	2030	840160.785299429
5171	2030	190703.811847805
5230	2030	217708.201385994
5250	2030	21318.1286187055
5277	2030	340439.406922222
5279	2030	152050.730700551
5326	2030	88528.7113886027
5456	2030	27525.619909435
5493	2030	1424.58808489463
5513	2030	126665.573328571
5529	2030	12135.47643
5566	2030	47972.950935
5569	2030	50063.0288777144
5614	2030	1072.98646333334
5675	2030	74317.33338
5815	2030	76217.4218573756
5837	2030	107950.61610752
5859	2030	1362478.3107057
5861	2030	0
5883	2030	23547.3140670212
6010	2030	1545.39522857143
6032	2030	364584.757333333
6061	2030	11254.67314
6109	2030	495628.5451
6118	2030	712723.863737978
6131	2030	36505.039256
6141	2030	4736.66111333334
6157	2030	789365.546444182
6323	2030	2044.462375
6745	2030	12266.4316075
6801	2030	47601.8900488889
6874	2030	97015.4275008543
6906	2030	36235.0452171429
7060	2030	158973.69542464
7123	2030	33794.591103665
7306	2030	59831.3164508571
7398	2030	214332.316299723
7420	2030	88996.503075
7423	2030	38819.6960000007
7425	2030	57228.4640333333
7439	2030	26391.5758166666
7455	2030	201723.785325
7466	2030	44463.8417581579
7611	2030	44.1707324778838
7627	2030	311712.867488791
7686	2030	129258.21055
7798	2030	76443.7383903798
7949	2030	165324.090262857
7953	2030	129203.61738618
8066	2030	447382.308333333
8115	2030	682935.6095
8232	2030	8475.46375862889
8254	2030	34637.48526
8299	2030	604145.451307714
8305	2030	9715.21734628958
8332	2030	59330.8000560667
8378	2030	0
8480	2030	20392.9274870833
8518	2030	145786.2880696
8545	2030	16519.028468
8554	2030	137014.549656429
8653	2030	535030.431096899
8714	2030	759833.063285714
8800	2030	8582.27517
8821	2030	43416.2378098149
8832	2030	588.248837142858
9025	2030	165939.821562727
9039	2030	224456.167836364
9047	2030	15622.8727377778
9194	2030	91259.6818571429
9253	2030	66355.9923428572
9257	2030	162424.07832
9269	2030	65847.7014285714
9301	2030	47184.6849166667
9326	2030	98846.5478571428
9361	2030	6429.00557142856
9365	2030	92102.1404285714
9398	2030	148972.558
9462	2030	56999.9701050599
9474	2030	1085.16034777778
9509	2030	71.2851055555554
9557	2030	101577.631505214
9621	2030	273207.783285714
9647	2030	23815.976
9664	2030	15759.173679648
9745	2030	172339.84
9756	2030	200460.919579295
9801	2030	77134.7870270901
9915	2030	4867.21176
9962	2030	388686.256162376
9965	2030	12330.22
10013	2030	79305.7004444444
10087	2030	594889.611
10141	2030	0
10155	2030	0
10158	2030	28.7859999999997
27423	2030	3855467.35448667
27424	2030	7351081.10135
27426	2030	116662.239739158
27429	2030	67950.2915714286
27436	2030	153233.20025395
27437	2030	17217.0875
27440	2030	167217.1155
27443	2030	19100.44373
27446	2030	101616.646987751
27453	2030	35017.1688
27465	2030	95252.2900000001
27478	2030	893.38444
27483	2030	5414.60318772258
27491	2030	1703.68446
27499	2030	8630.96759000001
27509	2030	465.18088
27522	2030	3727.46173
27539	2030	210.57575
27551	2030	3216.80791
27554	2030	928.00271
27555	2030	16690.23407
27556	2030	0
27563	2030	40686.771
27572	2030	32989.488
27573	2030	212.21655
27579	2030	805.579220000001
27593	2030	2868.04513
27600	2030	130.51004
27605	2030	552.742869999999
27607	2030	708.48831
27608	2030	6499.89000000002
27622	2030	22501.84658
27625	2030	3999.58051
27636	2030	1769.64605
27638	2030	56473.922394155
27655	2030	55670.6313812
27656	2030	69101.051
27668	2030	34088.059
27679	2030	1241.32255
27683	2030	866.87853
27721	2030	3192035.45758845
27725	2030	8712.1951772
27734	2030	49351.3163219361
27754	2030	27542.46279
27757	2030	24596.225
27773	2030	44513.32211
27776	2030	835.60413
27779	2030	48116.58717
27783	2030	22317.46133
27785	2030	652.45691
27805	2030	803.98862
27825	2030	72151.89517
27826	2030	1036.97941
27830	2030	20807.715
27832	2030	260106.124
27870	2030	5078.69685
27876	2030	4898.57026
27884	2030	1110.42936
27893	2030	7851.87865
27904	2030	22370.428
27909	2030	464.2641147
27913	2030	24669.9518333333
27914	2030	324.22986
27919	2030	2980.66746
27922	2030	3521.48804
27929	2030	647.91812
27934	2030	54657.729
27950	2030	928.00271
27958	2030	246.01779
27968	2030	23316.77
27979	2030	460.0477
28000	2030	2066.12647
28011	2030	1470374.46766601
28012	2030	2524.79615
28017	2030	163589.66999
28023	2030	3233.91792
28024	2030	315.41622
28027	2030	2275.54836
28066	2030	1175.36021
28084	2030	41.60448
28091	2030	0
28098	2030	82163.7433445
28103	2030	36374.2170300458
28111	2030	44227.49579
28130	2030	368.22488
28131	2030	772.17487
28133	2030	1351.92092
28143	2030	13383.85725
28144	2030	181583.806
28147	2030	22843.9518200305
28155	2030	15145.239
28157	2030	26984.47357
28159	2030	29473.01576
28175	2030	7922.90732
28180	2030	74382.4839999999
28186	2030	17258.40747
28192	2030	3219.91992
28196	2030	5643.05066
28201	2030	11604.0790647273
28203	2030	18392.22793
28216	2030	217.68776
28240	2030	1446.28823
28260	2030	90307.0827142857
28262	2030	2701.56185
28265	2030	15283.88767
28280	2030	8819.19919
28287	2030	1320.09083
28289	2030	5670.65966
28290	2030	4282.803975
28295	2030	278.62801
28298	2030	138764.280176471
28304	2030	18622.634
28308	2030	20243.699
28314	2030	2576.80349
28315	2030	124840.172
28317	2030	0
28328	2030	0
28333	2030	10031.027
28345	2030	687.76982
28364	2030	1833.29699
28401	2030	4074.99736
28412	2030	2763.88045636364
28442	2030	66032.6129272727
28443	2030	624.11704
28445	2030	3056.17830499999
28469	2030	6568.75632
28472	2030	1112.41029
28473	2030	26605.3278
28475	2030	330131.553280304
28499	2030	56225.564
28500	2030	13081.936
28505	2030	3708.31455
28534	2030	1144.90004
28542	2030	48809.7600000001
28554	2030	63798.035
28557	2030	3323.96855
28566	2030	1130.41237
28587	2030	64987.5237741037
28666	2030	4596.11609
28671	2030	1740.56207
28677	2030	86.95042
28680	2030	219598.952
28691	2030	84382.685
28694	2030	1879.10803
28698	2030	492.86107
28721	2030	21296.25911
28733	2030	16316.79421
28743	2030	154060.147153025
28748	2030	3225.71985
28761	2030	148.34666
28771	2030	0
28772	2030	552.727960000001
28819	2030	13982.83013
28834	2030	1690.81161
28846	2030	258.81993
28852	2030	7449.71777
28866	2030	6452.60358
28881	2030	3665.78353
28888	2030	3547.90672
28891	2030	642.95614
28907	2030	55172.6361125454
28912	2030	3735.97976
28926	2030	0
28936	2030	2237.15926355556
28939	2030	2907.07504
28946	2030	207850.719
28966	2030	190177.840823268
28968	2030	178.80299
28971	2030	108628.4944
28989	2030	55013.7349721504
28994	2030	558.40969
29010	2030	113326.829571937
29016	2030	21283.84953
29017	2030	76406.4630844537
29019	2030	7069.71467
29025	2030	30459.021
29027	2030	33631.12063
29034	2030	2183.35908
29042	2030	5518.29333333334
29057	2030	93266.43232
29058	2030	1642.88673
29063	2030	23198.58229
29065	2030	60681.84561
29071	2030	4328.74208
29075	2030	21042.647
29079	2030	551.36589
29093	2030	76113.7468400001
29116	2030	7072.31207000001
29127	2030	7484.34132
29141	2030	0
29144	2030	33952.466
29161	2030	55586.285
29168	2030	21682.84666
29172	2030	0
29189	2030	2853.7418
29197	2030	892.94974
29210	2030	8583.26254
29225	2030	110839.039718213
29248	2030	406.07015
29258	2030	44908.608196536
29266	2030	37592.414
29269	2030	31391.645
29271	2030	19696.363
29274	2030	89759.9026666667
29275	2030	6484.852125
29279	2030	8818.73874166666
29280	2030	172536.571283333
29282	2030	56816.5229916667
29283	2030	10964.238515073
29284	2030	12108.8963333333
29285	2030	17738.3283791667
29286	2030	29417.929925
29287	2030	2579.04923333333
29289	2030	23055.1732939813
29292	2030	159775.888041667
29293	2030	169239.967
29297	2030	5914.52390833334
29298	2030	48906.8488954545
29303	2030	154172.785
29307	2030	211977.259275
29309	2030	43971.350705
29343	2030	147912.198
29362	2030	63656.7884
29375	2030	3335.99276625
29383	2030	3280.12330909091
29464	2030	26252.859
29469	2030	0
29470	2030	203880.727466667
29473	2030	86445.3512903752
29483	2030	17706.1855166667
29580	2030	377898.498871214
29709	2030	25977.5802187667
29815	2030	0
29886	2030	25036.6812
30061	2030	339675.607710003
30063	2030	470.24648364
30890	2030	44053.096
31173	2030	91420.8469611875
31861	2030	5668.051006647
31896	2030	2849.56655419231
32044	2030	9448.063655
32051	2030	5084.544115
32122	2030	4215.567
32127	2030	17996.4001549986
32169	2030	12740.7552068449
32186	2030	31578.518179303
32265	2030	14750.47891625
32296	2030	104140.43227
32300	2030	9068.022755
32340	2030	7713.655105
32363	2030	12980.48251
32426	2030	14592.08965
32531	2030	10318.415805
32667	2030	18377.379997
32678	2030	83318.674091582
32684	2030	43590.08878
32809	2030	13508.4374645962
32826	2030	6492.353285
32840	2030	10888.761735
32850	2030	614.300707857143
33078	2030	45843.3992364286
33083	2030	1851.68501141712
33163	2030	8357.79132
33243	2030	145002.836637744
33250	2030	119138.902962672
33257	2030	55509.2609070647
33316	2030	237106.38426847
33334	2030	466001.93047168
33337	2030	16747.2
33341	2030	34036.743
33353	2030	7351.382975
33370	2030	265350.591166667
33388	2030	6729.18681818182
33389	2030	21422.7203636364
33411	2030	1641.5659464
33415	2030	10826.6719666667
33422	2030	4558.98926666667
33464	2030	15659.1118916667
33465	2030	23908.3660416667
33853	2030	6801.83405225
33906	2030	22600.574224
33914	2030	11539.0378783333
33990	2030	45808.8546049333
33994	2030	10278.8061742857
34050	2030	11750.6804124933
34067	2030	30527.272946
34070	2030	23810.0364477778
34079	2030	33963.2405659231
34150	2030	120519.842161
34151	2030	187.646745401944
34154	2030	90573.0067525
34204	2030	10820.8894639231
34205	2030	29172.8997677778
34244	2030	760004.323333333
34319	2030	6017.21442
34371	2030	54790.4108916585
34396	2030	146881.449
34455	2030	8550.42708
34538	2030	2701.29012545469
34563	2030	0
34581	2030	22543.311138
34613	2030	12828.4299703029
34625	2030	13734.1948341664
34640	2030	10237.69118
34846	2030	69295.4186088889
34866	2030	57332.8219999999
34938	2030	16963.5463108572
35067	2030	33062.0011675
35186	2030	7228.61001714286
35271	2030	1547.09052282416
36367	2030	348540.959666667
36705	2030	40516.953
37042	2030	248.636810714286
37562	2030	2816.260023
37694	2030	195239.470643668
37695	2030	148706.350414444
37769	2030	321825.1436
37875	2030	6263801.499806
37897	2030	12911.1186277787
37903	2030	28721.2958363636
37998	2030	84504.8108375
38011	2030	9355.70839985714
38031	2030	31227.3397121816
38041	2030	94217.5715211572
38053	2030	956401.562038999
38141	2030	568789.925783333
38160	2030	46990.72604
38234	2030	80199.5865714286
38235	2030	13056.8485714286
38237	2030	53612.4136857143
38238	2030	59221.3681428571
38239	2030	191949.479571429
38240	2030	130635.022857143
38241	2030	127889.647714286
38243	2030	67276.0665714286
38245	2030	7232.30527478571
38246	2030	60535.6698571429
38248	2030	64998.0428571429
38249	2030	181303.669285714
38250	2030	180963.312857143
38251	2030	43716.6981428571
38252	2030	49446.0407142857
38254	2030	86604.5701428571
38255	2030	57532.0285714286
38257	2030	67941.8214285714
38259	2030	37908.3794285714
38261	2030	41411.298
38262	2030	27303.6504142857
38278	2030	566596.50672375
38283	2030	465707.473
38305	2030	247322.217481905
38338	2030	38037.6578
38371	2030	0
38393	2030	66168.4191999999
38401	2030	0
38407	2030	182248.329081818
38412	2030	464202.700142857
38424	2030	87684.411
38432	2030	127182.4894
38548	2030	100370.083255
38565	2030	20829.1930364433
38636	2030	44576.50369
38637	2030	25143.2772338051
38638	2030	20018.4065884287
38641	2030	17088.4656750115
38642	2030	24181.2312177078
38643	2030	72146.8941663866
38644	2030	7189.83251814287
38651	2030	167880.618835637
38681	2030	388056.720837923
38702	2030	95640.9745555555
38703	2030	463037.191416667
38707	2030	32959.7485323214
38717	2030	3753.4150129584
38727	2030	75711.152315
38783	2030	88880.6498766667
38803	2030	28108.7054325
38804	2030	25684.2367766667
38809	2030	27733.0920801667
38811	2030	46541.4670376091
38823	2030	1766.31708466667
38833	2030	68402.4399454545
38852	2030	14183.0510091138
38900	2030	0
38940	2030	37827.6404649999
38942	2030	12168.412795
38955	2030	9499.70708716
38956	2030	7439.33367204
38957	2030	17925.18553136
38958	2030	71021.2674
38959	2030	63318.53991212
38967	2030	9194.94828076877
38974	2030	13597.7455580513
39036	2030	69795.8780713297
39040	2030	5810.939
39053	2030	135162.832
39091	2030	516810.692885778
39117	2030	47071.6154985
39118	2030	387530.805376794
39119	2030	166514.51646
39120	2030	96482.5352968421
39121	2030	59711.950935
39122	2030	147996.55944901
39123	2030	597341.183170316
39124	2030	3447.34663636364
39125	2030	10967.7000909091
39126	2030	27507.5132727273
39127	2030	9279.44272727272
39128	2030	16634.7788181818
39129	2030	39237.3804649295
39130	2030	109494.061337467
39281	2030	0
39370	2030	128168.983162857
39371	2030	0
39372	2030	0
39373	2030	0
39416	2030	1123618.85799999
39461	2030	64194.2310000001
39488	2030	218300.485692747
39489	2030	37986.6684866667
39499	2030	57554.1065726087
50029	2030	599491.150092552
50032	2030	792761.295807
50068	2030	82479.3963181997
50144	2030	28858.0402132
50157	2030	1936.44722833333
50266	2030	74588.5412307692
50285	2030	50323.4506898178
50329	2030	234868.947
50346	2030	41216.8526594804
50351	2030	139735.38704735
50431	2030	123963.05706937
50543	2030	57239.0944088571
50569	2030	5709.64109428569
50734	2030	5650422.8126591
50749	2030	31183.8418440758
50773	2030	50955.6169260754
50783	2030	45004.0280027997
50834	2030	253586.744122816
50888	2030	9610832.78842487
50891	2030	26364.2535714286
50948	2030	214276.918579543
50983	2030	1962694.49591573
51033	2030	160586.326811258
51057	2030	533900.985705033
51062	2030	37521.0789230769
51063	2030	251069.207951667
51115	2030	34600.507595
51116	2030	221579.465213333
51140	2030	365945.027615385
51223	2030	4012.4948775
51274	2030	1804.11942200002
51540	2030	186458.7537025
51577	2030	2084.96544833333
51578	2030	2704.47787616666
51584	2030	64499.37932
51590	2030	10334.973231208
51599	2030	73833.6091253
51600	2030	513.305806666667
51603	2030	8408.89985199103
51617	2030	178245.85685964
51633	2030	355041.69222307
51695	2030	33388.8108033333
51696	2030	20722.6144106667
51697	2030	15979.948725
51754	2030	16408.3840441667
51760	2030	39536.7668866667
51761	2030	518805.013344667
51762	2030	30504.9014756667
51763	2030	41180.4999431667
51764	2030	9597.11232333333
51765	2030	0
51766	2030	0
51767	2030	6236.148275
51768	2030	72297.296449575
51934	2030	2044.462375
52073	2030	1579887.182425
52160	2030	643878.068785713
52224	2030	3799271.92976627
52267	2030	23972.2936000001
52284	2030	2054.168351
52304	2030	53640.3342
52447	2030	88167.2510321429
52477	2030	1794.34421333333
52478	2030	0
52499	2030	0
52500	2030	703608.876260664
52553	2030	53658.3121813927
52561	2030	81389.367444207
53358	2030	732543.1386
53362	2030	1137188.29499999
53372	2030	48913.0174225
53377	2030	111555.347063333
53385	2030	113824.424308571
53386	2030	759734.010150002
53442	2030	88469.0000533571
54366	2030	40032.5864734672
